(0.313120, 0.573199)
(0.671926, 0.822260)
(0.281289, 0.925687)
(0.173589, 0.649800)
(0.771569, 0.623859)
(0.308298, 0.349010)
(0.991211, 0.132420)
(0.922788, 0.157292)
(0.394330, 0.089450)
(0.601245, 0.326487)
(0.712302, 0.340403)
(0.188849, 0.677084)
(0.915860, 0.176794)
(0.700095, 0.998260)
(0.639821, 0.186590)
(0.392987, 0.949858)
(0.102420, 0.621998)
(0.290872, 0.622547)
(0.049623, 0.690939)
(0.932432, 0.412580)
(0.756249, 0.678945)
(0.631520, 0.366985)
(0.614826, 0.307047)
(0.028260, 0.655873)
(0.343974, 0.232459)
(0.212043, 0.327982)
(0.346812, 0.098025)
(0.198218, 0.005615)
(0.251045, 0.036653)
(0.039613, 0.675344)
\operatorname{polygon} ((0.544262, 0.581173),(0.543282, 0.590042),(0.530714, 0.642711),(0.499904, 0.687097),(0.214125, 0.558258),(0.187372, 0.509527),(0.181466, 0.484026),(0.233021, 0.462775),(0.464002, 0.457807),(0.465485, 0.459539),(0.465485, 0.459539))
\operatorname{polygon} ((0.499904, 0.687097),(0.530714, 0.642711),(0.921409, 0.872585),(0.553247, 0.931509),(0.468688, 0.746656),(0.468688, 0.746656))
\operatorname{polygon} ((0.323672, 1.000000),(0.000000, 1.000000),(0.000000, 0.971597),(0.134633, 0.838731),(0.306653, 0.774768),(0.371964, 0.776832),(0.371964, 0.776832))
\operatorname{polygon} ((0.187372, 0.509527),(0.214125, 0.558258),(0.231971, 0.635057),(0.120565, 0.697365),(0.117546, 0.688269),(0.117546, 0.688269))
\operatorname{polygon} ((1.000000, 0.630903),(1.000000, 0.717063),(0.543282, 0.590042),(0.544262, 0.581173),(0.715960, 0.487562),(0.791100, 0.471852),(0.791100, 0.471852))
\operatorname{polygon} ((0.464002, 0.457807),(0.233021, 0.462775),(0.274085, 0.274802),(0.454170, 0.329926),(0.454170, 0.329926))
\operatorname{polygon} ((0.904342, 0.000000),(1.000000, 0.000000),(1.000000, 0.233507),(0.971847, 0.185701),(0.971847, 0.185701))
\operatorname{polygon} ((0.763502, 0.000000),(0.904342, 0.000000),(0.971847, 0.185701),(0.775507, 0.115953),(0.775507, 0.115953))
\operatorname{polygon} ((0.353654, 0.000000),(0.571689, 0.000000),(0.491020, 0.203866),(0.383622, 0.166050),(0.383622, 0.166050))
\operatorname{polygon} ((0.633074, 0.334258),(0.465485, 0.459539),(0.464002, 0.457807),(0.454170, 0.329926),(0.489296, 0.233817),(0.489296, 0.233817))
\operatorname{polygon} ((0.791100, 0.471852),(0.715960, 0.487562),(0.662792, 0.325981),(0.685734, 0.258939),(0.779022, 0.214979),(0.847421, 0.300079),(0.847421, 0.300079))
\operatorname{polygon} ((0.120565, 0.697365),(0.231971, 0.635057),(0.306653, 0.774768),(0.134633, 0.838731),(0.134633, 0.838731))
\operatorname{polygon} ((0.971847, 0.185701),(1.000000, 0.233507),(1.000000, 0.289356),(0.847421, 0.300079),(0.779022, 0.214979),(0.775507, 0.115953),(0.775507, 0.115953))
\operatorname{polygon} ((1.000000, 0.886406),(1.000000, 1.000000),(0.542452, 1.000000),(0.553247, 0.931509),(0.921409, 0.872585),(0.921409, 0.872585))
\operatorname{polygon} ((0.571689, 0.000000),(0.763502, 0.000000),(0.775507, 0.115953),(0.779022, 0.214979),(0.685734, 0.258939),(0.493370, 0.219023),(0.491020, 0.203866),(0.491020, 0.203866))
\operatorname{polygon} ((0.542452, 1.000000),(0.323672, 1.000000),(0.371964, 0.776832),(0.468688, 0.746656),(0.553247, 0.931509),(0.553247, 0.931509))
\operatorname{polygon} ((0.181466, 0.484026),(0.187372, 0.509527),(0.117546, 0.688269),(0.080650, 0.660013),(0.068357, 0.645539),(0.000000, 0.495894),(0.000000, 0.416367),(0.000000, 0.416367))
\operatorname{polygon} ((0.214125, 0.558258),(0.499904, 0.687097),(0.468688, 0.746656),(0.371964, 0.776832),(0.306653, 0.774768),(0.231971, 0.635057),(0.231971, 0.635057))
\operatorname{polygon} ((0.000000, 0.971597),(0.000000, 0.711781),(0.080650, 0.660013),(0.117546, 0.688269),(0.120565, 0.697365),(0.134633, 0.838731),(0.134633, 0.838731))
\operatorname{polygon} ((1.000000, 0.289356),(1.000000, 0.630903),(0.791100, 0.471852),(0.847421, 0.300079),(0.847421, 0.300079))
\operatorname{polygon} ((1.000000, 0.717063),(1.000000, 0.886406),(0.921409, 0.872585),(0.530714, 0.642711),(0.543282, 0.590042),(0.543282, 0.590042))
\operatorname{polygon} ((0.715960, 0.487562),(0.544262, 0.581173),(0.465485, 0.459539),(0.633074, 0.334258),(0.662792, 0.325981),(0.662792, 0.325981))
\operatorname{polygon} ((0.685734, 0.258939),(0.662792, 0.325981),(0.633074, 0.334258),(0.489296, 0.233817),(0.493370, 0.219023),(0.493370, 0.219023))
\operatorname{polygon} ((0.000000, 0.685396),(0.000000, 0.495894),(0.068357, 0.645539),(0.068357, 0.645539))
\operatorname{polygon} ((0.454170, 0.329926),(0.274085, 0.274802),(0.204502, 0.178697),(0.237645, 0.162968),(0.383622, 0.166050),(0.491020, 0.203866),(0.493370, 0.219023),(0.489296, 0.233817),(0.489296, 0.233817))
\operatorname{polygon} ((0.204502, 0.178697),(0.274085, 0.274802),(0.233021, 0.462775),(0.181466, 0.484026),(0.000000, 0.416367),(0.000000, 0.175596),(0.137342, 0.169706),(0.137342, 0.169706))
\operatorname{polygon} ((0.342083, 0.000000),(0.353654, 0.000000),(0.383622, 0.166050),(0.237645, 0.162968),(0.237645, 0.162968))
\operatorname{polygon} ((0.000000, 0.000000),(0.237048, 0.000000),(0.137342, 0.169706),(0.000000, 0.175596),(0.000000, 0.175596))
\operatorname{polygon} ((0.237048, 0.000000),(0.342083, 0.000000),(0.237645, 0.162968),(0.204502, 0.178697),(0.137342, 0.169706),(0.137342, 0.169706))
\operatorname{polygon} ((0.000000, 0.711781),(0.000000, 0.685396),(0.068357, 0.645539),(0.080650, 0.660013),(0.080650, 0.660013))
